X =

    15    13    10     7     3
    15    10     5     3     4
     2     7     9    14     6
     4    15     1     5    13
    13    14    11     4     6
disp(X)
